1,0,507,-10854,11608,-16545,-29145,30000,-2553
2,4167,-24464,5625,7302,-5818,-20331,-14093,29920
3,8333,-829,10836,-11839,-6727,29153,-29976,2524
4,12500,24625,-5721,-7430,-2000,20297,14110,-29905
5,16667,507,-11075,11856,-16545,-29171,29992,-2516
6,20833,-25007,5753,7356,-11636,-20288,-14118,29905
7,25000,-477,11155,-11983,15455,29179,-29984,2509
8,29167,24977,-5944,-7463,-6727,20262,14158,-29920
9,33333,257,-11122,12017,-18364,-29222,29984,-2473
10,37500,-25168,5849,7410,-7818,-20236,-14190,29920
11,41667,-382,11060,-12090,6727,29248,-29960,2429
12,45833,25073,-5896,-7430,909,20193,14230,-29927
13,50000,352,-11170,12017,-18364,-29283,29952,-2392
14,54167,-25168,6021,7410,2909,-20158,-14263,29927
15,58333,-477,11060,-12124,2000,29291,-29911,2341
16,62500,25132,-6087,-7430,-8727,20124,14311,-29934
17,66667,257,-10997,12017,-10727,-29326,29895,-2305
18,70833,-25102,5878,7356,-6727,-20124,-14319,29949
19,75000,-286,10836,-12037,-909,29343,-29895,2290
20,79167,24625,-5768,-7323,909,20089,14359,-29949
21,83333,161,-10949,11823,-21273,-29387,29895,-2254
22,87500,-24560,5706,7195,-9636,-20055,-14384,29956
23,91667,-477,10836,-11679,12545,29387,-29871,2232
24,95833,24339,-5721,-7323,-4909,20020,14416,-29949
25,100000,447,-10774,11518,-18364,-29395,29863,-2225
26,104167,-24118,5578,7302,2000,-20029,-14424,29964
27,108333,-638,10663,-11625,0,29395,-29847,2195
28,112500,23796,-5545,-7269,-7818,19994,14448,-29956
29,116667,507,-10678,11518,-10727,-29421,29839,-2174
30,120833,-23927,5482,7162,-5818,-19977,-14440,29934
31,125000,-734,10568,-11427,2000,29395,-29823,2174
32,129167,23736,-5497,-7179,-2000,19960,14456,-29934
33,133333,507,-10631,11267,-21273,-29412,29815,-2159
34,137500,-23766,5435,7108,-6727,-19960,-14448,29934
35,141667,-638,10535,-11320,8727,29404,-29807,2159
36,145833,23641,-5592,-7125,-7818,19942,14480,-29942
37,150000,507,-10583,11213,-21273,-29387,29815,-2181
38,154167,-23927,5530,7055,-8727,-19951,-14480,29949
39,158333,-638,10568,-11374,7818,29369,-29790,2174
40,162500,23796,-5640,-7179,-8727,19942,14488,-29949
41,166667,507,-10631,11518,-7818,-29395,29799,-2159
42,170833,-24023,5706,7108,2000,-19934,-14488,29942
43,175000,-638,10663,-11732,-5818,29404,-29790,2144
44,179167,24178,-5816,-7323,-15455,19916,14521,-29956
45,183333,352,-10821,11769,-10727,-29421,29782,-2123
46,187500,-24464,5878,7249,6727,-19908,-14521,29956
47,191667,-382,10759,-11876,0,29430,-29758,2093
48,195833,24530,-5944,-7269,-9636,19882,14545,-29949
49,200000,161,-10854,11910,-10727,-29447,29766,-2086
50,204167,-24816,5926,7195,-3818,-19873,-14553,29949
51,208333,-95,10836,-12124,0,29456,-29758,2079
52,212500,24786,-5992,-7323,-7818,19847,14593,-29964
53,216667,-95,-11045,12107,-19455,-29482,29758,-2050
54,220833,-24912,5974,7195,-3818,-19830,-14617,29971
55,225000,0,11107,-12177,16545,29507,-29742,2013
56,229167,24882,-6164,-7269,-12545,19787,14674,-29985
57,233333,0,-11122,12214,-15455,-29551,29726,-1969
58,237500,-25007,6102,7249,3818,-19761,-14698,29985
59,241667,-191,11027,-12338,-2909,29559,-29702,1933
60,245833,24977,-6164,-7323,-12545,19718,14730,-29978
61,250000,0,-10997,12214,-7818,-29594,29702,-1896
62,254167,-25168,6102,7162,-5818,-19700,-14754,29985
63,258333,-95,10884,-12177,0,29603,-29686,1882
64,262500,24882,-6087,-7215,-4909,19675,14786,-29993
65,266667,0,-10902,11910,-18364,-29628,29678,-1853
66,270833,-24721,5974,7249,4909,-19657,-14803,30000
67,275000,-191,10806,-11876,8727,29628,-29654,1831
68,279167,24434,-5944,-7179,-7818,19623,14835,-29993
69,283333,161,-10726,11769,-10727,-29654,29662,-1816
70,287500,-24369,5706,7055,-11636,-19605,-14843,29985
71,291667,-477,10568,-11732,-6727,29646,-29637,1802
72,295833,24082,-5721,-7179,-4909,19579,14859,-29978
73,300000,352,-10583,11518,-9636,-29646,29645,-1802
74,304167,-23927,5658,7108,2000,-19579,-14851,29971
75,308333,-543,10488,-11481,0,29646,-29629,1794
76,312500,23641,-5721,-7125,-15455,19579,14875,-29993
77,316667,352,-10503,11411,-10727,-29680,29621,-1758
78,320833,-23671,5530,7055,-909,-19571,-14875,29985
79,325000,-382,10488,-11571,0,29663,-29605,1765
80,329167,23545,-5640,-7125,-13636,19545,14883,-29971
81,333333,257,-10503,11518,-7818,-29654,29605,-1765
82,337500,-23832,5658,7055,2000,-19554,-14867,29964
83,341667,-382,10440,-11535,-909,29663,-29589,1743
84,345833,23891,-5673,-7179,-7818,19545,14891,-29971
85,350000,161,-10583,11555,-13636,-29672,29581,-1729
86,354167,-24214,5706,7055,-6727,-19536,-14891,29971
87,358333,-286,10568,-11732,-909,29663,-29573,1729
88,362500,24339,-5944,-7125,-7818,19519,14915,-29978
89,366667,66,-10678,11715,-13636,-29680,29565,-1707
90,370833,-24560,6021,7055,2000,-19493,-14907,29956
91,375000,-95,10759,-11930,5818,29689,-29557,1699
92,379167,24625,-6212,-7071,-12545,19467,14940,-29956
93,383333,-95,-10821,11963,-13636,-29706,29557,-1678
94,387500,-25007,6150,7001,-6727,-19450,-14948,29949
95,391667,66,10806,-12124,2909,29715,-29541,1656
96,395833,24977,-6212,-7179,-7818,19407,14972,-29934
97,400000,-286,-10902,12268,-7818,-29741,29549,-1641
98,404167,-25168,6293,7108,2909,-19398,-15004,29956
99,408333,66,10884,-12375,-5818,29758,-29541,1612
100,412500,25323,-6388,-7125,-4909,19381,15060,-29993
101,416667,-286,-11045,12358,-11636,-29810,29517,-1554
102,420833,-25454,6197,7055,-14545,-19346,-15085,29985
103,425000,447,11027,-12429,11636,29827,-29492,1517
104,429167,24977,-6164,-7179,-4909,19294,15117,-29964
105,433333,-638,-11045,12214,-30000,-29862,29508,-1510
106,437500,-24912,6102,7108,-909,-19277,-15149,29978
107,441667,352,10932,-12124,19455,29862,-29492,1488
108,445833,24786,-6164,-7125,-7818,19243,15197,-30000
109,450000,-382,-10902,12070,-21273,-29896,29484,-1444
110,454167,-24721,6102,6948,-3818,-19217,-15205,29985
111,458333,161,10264,-11571,2909,29836,-29371,1393
112,462500,24434,-5864,-7179,-2909,19389,14883,-29840
113,466667,-286,-9692,10714,-18364,-29896,29460,-1430
114,470833,-24560,5435,7446,-12545,-19571,-14585,29716
115,475000,161,9406,-10570,4909,29991,-29621,1495
116,479167,24625,-5545,-7570,909,19528,14641,-29730
117,483333,-286,-9472,10661,-7818,-30000,29597,-1466
118,487500,-24655,5530,7446,-9636,-19528,-14601,29701
119,491667,352,9406,-10821,-2909,29974,-29589,1481
120,495833,24530,-5592,-7517,-2000,19528,14593,-29686
121,500000,-477,-9567,10805,-11636,-29983,29613,-1495
122,504167,-25007,5658,7607,-3818,-19536,-14577,29679
123,508333,447,9549,-10982,0,29948,-29597,1510
124,512500,25132,-5896,-7714,-12545,19528,14577,-29679
125,516667,-734,-9692,11019,-15455,-29940,29597,-1510
126,520833,-25454,5926,7607,-909,-19536,-14561,29672
127,525000,793,9773,-11233,10727,29922,-29581,1517
128,529167,25675,-6117,-7768,-12545,19528,14577,-29679
129,533333,-925,-9883,11357,-14545,-29922,29581,-1517
130,537500,-25991,6150,7805,6727,-19536,-14569,29679
131,541667,66,9549,-10982,-11636,28445,-28300,1605
132,545833,16226,-12427,4698,-8727,18240,15721,-29628
133,550000,6234,-8232,5555,-10727,-21221,21757,-1780
134,554167,-2321,22849,-24552,-9636,-19709,-14255,29540
135,558333,-12599,8342,-2106,10727,15380,-16446,1896
136,562500,0,-26758,30000,-3818,22370,11620,-29402
137,566667,13362,-10455,3948,-16545,-15259,16454,-2020
138,570833,-3502,26648,-28215,-12545,-22301,-11531,29263
139,575000,-14192,12046,-5518,2909,15112,-16430,2115
140,579174,6395,-27330,27037,-4909,22258,11459,-29161
141,583347,14603,-13762,7055,-11636,-15009,16422,-2188
142,587521,-10022,27807,-25751,-6727,-22232,-11354,29044
143,591694,-15176,15398,-8679,5818,14896,-16406,2276
144,595868,13362,-28460,24392,-4909,22267,11209,-28942
145,600042,15683,-17162,10055,-23273,-14810,16422,-2363
146,604215,-17055,28969,-23143,-8727,-22319,-11056,28848
147,608389,-16608,18577,-11374,9636,14724,-16446,2451
148,612563,20074,-29428,21787,-909,22336,10935,-28753
149,616736,17467,-20102,12321,-25273,-14654,16471,-2538
150,620910,-23128,29637,-20555,-12545,-22422,-10757,28673
151,625083,-18487,21294,-13179,20364,14603,-16503,2611
152,629257,25419,-29970,19125,-15455,22422,10677,-28592
153,633431,19250,-22420,14019,-20364,-14559,16519,-2670
154,637604,-27423,30000,-18285,2000,-22396,-10629,28527
155,641778,-20360,23296,-14588,8727,14464,-16487,2713
156,645952,28986,-29794,17213,0,22448,10500,-28454
157,650125,21219,-23993,14625,-23273,-14516,16583,-2757
158,654299,-30000,29461,-16393,-6727,-22405,-10475,28395
159,658472,-22239,24279,-14679,6727,14447,-16543,2779
160,662646,29779,-29207,15964,-7818,22327,10492,-28352
161,666820,22812,-24741,14571,-23273,-14361,16471,-2786
162,670993,-29809,28793,-15643,-909,-22319,-10467,28315
163,675167,-23671,24679,-14233,11636,14317,-16430,2794
164,679340,29332,-28364,15214,-10727,22275,10467,-28279
165,683514,12820,-18815,13570,-20364,-15173,15504,-1225
166,687688,-21696,23740,-14394,5818,-18646,-7156,22217
167,691861,12665,6069,-13929,0,14015,-15842,2509
168,696035,11865,-17606,12911,-11636,14801,3400,-15573
169,700209,-29559,1606,14571,-11636,-11803,17035,-5463
170,704382,-12599,16336,-11374,-4909,-14507,-2901,14872
171,708563,28538,-492,-15392,3818,11544,-16873,5522
172,712743,15969,-16351,9412,0,15164,2192,-14785
173,716924,-20551,572,10554,-18364,-10706,16865,-6229
174,721105,-12599,9725,-4215,-19455,-17964,1096,14172
175,725285,7761,-1302,-2662,12545,9410,-19380,9599
176,729515,4170,-2065,-54,-2000,21100,-3634,-14530
177,733745,-95,0,-161,-11636,-8243,21781,-12757
178,737976,66,-48,-54,-3818,-22560,4392,15069
179,742206,-95,-95,0,-8727,6800,-21595,13800
180,746501,-95,80,37,3818,23001,-5915,-14070
181,750797,66,-143,37,-4909,-5020,21048,-14814
182,755092,-95,-95,-54,-11636,-23295,7615,12772
183,759388,-95,80,0,2000,2929,-20234,15842
184,763683,0,0,-54,-2909,23407,-9436,-11218
185,767979,0,-48,-54,-5818,-622,19170,-16827
186,772274,0,33,-107,-3818,-23304,11338,9416
187,776570,0,-143,-161,-17455,-1849,-17824,17695
188,780880,0,-48,144,4909,22932,-13191,-7418
189,785191,-191,80,-54,-3818,4389,16245,-18410
190,789501,-95,-143,-54,-14545,-22258,14980,5230
191,793811,-95,-48,0,-5818,-6999,-14343,18891
192,798122,-95,33,-161,-9636,21247,-16600,-2910
193,802432,0,-48,0,-2909,9574,12184,-19110
194,806742,-191,0,37,-3818,-19891,18026,467
195,811053,0,-48,37,-909,-12140,-9694,19023
196,815371,0,33,-107,-3818,18076,-19202,2123
197,819688,-95,-48,-54,-8727,14559,6930,-18563
198,824006,0,-95,37,-3818,-15812,20064,-4814
199,828324,-95,0,-54,-5818,-16815,-3900,17724
200,832672,-95,0,-54,-5818,13160,-20508,7454
201,837020,0,-95,0,-5818,18724,733,-16470
202,841367,0,0,37,2000,-10144,20467,-9964
203,845715,-286,33,-107,-12545,-20202,2562,14734
204,850063,-95,33,-161,-9636,6722,-19887,12319
205,854464,161,80,198,20364,21169,-5890,-12538
206,858866,66,-191,-54,-12545,-3041,18735,-14398
207,863267,-286,-143,-214,-29091,-21550,9138,9920
208,867669,-191,80,90,3818,-829,-16978,16069
209,872133,66,0,-54,-909,21238,-12135,-6951
210,876597,0,0,-54,-2909,4700,14641,-17214
211,881062,-95,33,90,3818,-20236,14778,3705
212,885526,0,-95,-161,-14545,-8476,-11757,17797
213,890022,0,-95,-107,-11636,18482,-16906,-299
214,894519,-191,-48,144,-909,11976,8437,-17746
215,899015,-95,33,0,-909,-16063,18437,-3136
216,903511,161,33,-107,909,-15035,-4795,17031
217,908024,0,-48,-107,-8727,13004,-19251,6455
218,912537,-286,-95,-107,-20364,17488,983,-15653
219,917049,0,-48,0,-2909,-9470,19339,-9511
220,921562,161,80,90,14545,-19277,2869,13676
221,926075,-95,-95,0,-8727,5573,-18646,12166
222,930604,-191,-95,-107,-17455,20271,-6567,-11174
223,935133,0,33,-54,-909,-1469,17220,-14347
224,939662,0,0,0,0,-20469,10024,8206
225,944191,-95,-48,-54,-8727,-2679,-15085,15915
226,948786,0,0,0,0,19787,-13030,-4909
227,953382,0,33,37,3818,6688,12329,-16805
228,957977,-95,-95,-107,-14545,-18301,15488,1437
229,962573,-95,-48,-54,-8727,-10438,-9073,17024
230,967203,66,80,-54,3818,16046,-17244,2071
231,971832,-95,-48,37,-3818,13687,5423,-16470
232,976462,66,-143,0,-6727,-13073,18284,-5514
233,981091,0,-48,-54,-5818,-16374,-1499,15179
234,985747,-382,0,-214,-23273,9479,-18501,8745
235,990402,66,0,0,2000,18318,-2458,-13239
236,995058,0,0,90,4909,-5530,17897,-11532
237,999713,-286,-48,0,-11636,-19407,6253,10722
238,1004369,0,-48,-107,-8727,1374,-16471,13749
239,1009051,-95,-48,0,-5818,19571,-9718,-7724
240,1013732,0,33,90,6727,2800,14327,-15325
241,1018414,0,0,-161,-8727,-18871,12724,4413
242,1023095,0,0,-54,-2909,-6835,-11515,16193
243,1027821,-95,0,37,-909,17298,-15125,-912
244,1032547,-286,0,37,-6727,10516,8219,-16317
245,1037273,66,-143,0,-6727,-14957,16801,-2589
246,1041999,66,-95,-54,-6727,-13704,-4537,15667
247,1046761,-95,33,-107,-6727,11933,-17687,5937
248,1051523,-95,0,-54,-5818,16184,717,-14311
249,1056285,-95,0,0,-2909,-8425,17768,-8972
250,1061047,66,-143,0,-6727,-17903,3062,12334
251,1065809,-95,-48,-54,-8727,4554,-17027,11561
252,1070598,-286,33,0,-6727,18759,-6656,-9818
253,1075387,66,0,-54,-909,-536,15520,-13596
254,1080176,-95,-48,-107,-11636,-18776,9952,6842
255,1084966,-191,-95,37,-9636,-3499,-13304,14996
256,1089783,161,0,0,4909,17972,-12740,-3640
